0.06500000 487.61199622
0.07150000 498.78685764
0.07860000 511.38581128
0.08650000 522.97715957
0.09120000 532.03370124
0.09510000 536.52678339
0.10500000 545.26333220
0.11500000 551.29091179
0.12700000 558.95778938
0.13900000 558.48970043
0.15300000 572.96100237
0.16900000 548.75430733
0.18500000 537.35335042
0.20400000 529.77805754
0.21800000 524.39866144
0.22400000 522.27642358
0.24700000 513.36246226
0.27100000 504.18325207
0.29900000 490.32175232
0.32800000 473.98304685
0.36500000 450.69850668
0.39700000 429.53372186
0.44000000 401.13229216
0.48100000 375.13305363
0.52900000 346.80970858
0.55000000 335.53280278
0.58200000 319.88738253
0.64000000 297.45733088
0.70000000 279.70849201
0.77400000 261.69556444
0.85200000 248.84904177
0.90000000 242.61155218
0.93700000 237.79427129
1.03000000 226.54050280
1.13000000 217.20373485
1.25000000 208.56526213
1.37000000 201.85225687
1.51000000 195.93186298
1.65000000 191.01052362
1.83000000 185.38025917
2.01000000 182.35633138
2.20000000 176.96818907
2.43000000 171.55351547
2.60000000 168.00612952
2.90000000 233.57179708
3.10000000 336.58253406
3.20000000 274.16626922
3.25000000 242.90372114
3.30000000 220.57662081
3.35000000 204.34598555
3.40000000 192.76625589
3.45000000 184.75720115
3.55000000 176.03810029
3.70000000 170.76595678
4.10000000 167.87323142
4.50000000 171.05338482
4.80000000 163.85915945
4.95000000 162.02292498
5.10000000 160.50415474
5.20000000 159.81483815
5.30000000 159.91378811
5.50000000 160.57664909
5.70000000 165.12011670
5.90000000 172.55809245
6.10000000 173.24147956
6.20000000 172.47244497
6.30000000 171.40080924
6.40000000 169.09474247
6.60000000 165.54744944
6.80000000 164.80952404
6.90000000 165.25336583
7.00000000 164.70497119
7.10000000 163.80832557
7.20000000 163.28568433
7.30000000 162.76705297
7.50000000 161.61349618
7.60000000 161.64469755
7.70000000 161.84551345
7.80000000 161.87421601
7.90000000 161.96606199
8.20000000 162.09261095
8.40000000 163.84585475
8.50000000 164.35710733
8.60000000 165.11822736
8.70000000 165.67046208
8.90000000 168.19729794
9.20000000 172.17017603
9.50000000 174.90084952
9.80000000 174.48105554
10.10000000 174.37825887
10.40000000 176.91608220
10.60000000 180.78379110
10.80000000 187.18800728
11.10000000 198.35676504
11.20000000 201.22486160
11.30000000 203.80491542
11.40000000 205.58530894
11.50000000 207.33776146
11.60000000 208.38115343
11.70000000 209.22719635
11.80000000 209.72861481
11.90000000 210.05592573
12.00000000 209.84600854
12.10000000 209.53574716
12.20000000 209.11024330
12.40000000 207.14358432
12.50000000 205.96953078
12.60000000 204.75429119
12.70000000 203.33973025
12.80000000 201.75609116
12.90000000 200.27764255
13.10000000 197.09713978
13.20000000 195.33791407
13.30000000 193.34998723
13.40000000 191.43097927
13.50000000 189.54681643
13.60000000 187.65440725
13.70000000 185.78462113
13.80000000 183.97584984
13.90000000 182.25450132
14.10000000 178.55337191
14.20000000 176.82586509
14.30000000 175.13614761
14.40000000 173.49714432
14.60000000 170.38723580
14.80000000 167.80857163
15.00000000 165.80342701
15.10000000 164.99825647
15.20000000 164.19745630
15.40000000 162.78466608
15.60000000 161.36491280
15.70000000 160.77757685
15.80000000 160.39341528
15.90000000 159.94280554
16.10000000 159.12987863
16.30000000 158.56014589
16.40000000 158.33778962
16.50000000 158.12629197
16.70000000 157.45494107
17.00000000 156.40869180
17.60000000 154.47004107
17.90000000 153.40763186
18.10000000 152.67449145
18.20000000 152.36618092
18.30000000 152.23085915
18.50000000 151.81709081
18.80000000 151.05690980
19.70000000 149.76496378
20.50000000 146.44931745
20.80000000 145.47875552
21.00000000 144.96784000
21.10000000 144.68656076
21.20000000 144.37364856
21.40000000 143.72283713
21.70000000 142.76709362
22.50000000 140.62061331
22.80000000 139.99087117
23.00000000 139.62696389
23.10000000 139.42317755
23.20000000 139.22120165
23.40000000 138.85835818
23.70000000 138.29626678
23.90000000 137.87822922
26.30000000 134.29616161
29.00000000 132.00158360
31.90000000 130.10894986
35.20000000 129.96198711
38.60000000 134.47218830
42.40000000 139.87949334
46.70000000 144.79409053
51.30000000 129.18695837
56.50000000 115.63759594
62.10000000 116.07100291
68.30000000 107.85991190
75.20000000 97.76346423
82.70000000 89.67619578
90.90000000 83.81180099
100.00000000 77.65808886
110.00000000 72.54588454
121.00000000 67.86607455
133.00000000 63.00961685
150.00000000 57.45747077
177.00000000 49.85835017
195.00000000 45.49041217
214.00000000 41.85597754
247.00000000 36.89574371
290.00000000 31.96004799
350.00000000 26.79410865
431.00000000 22.38987364
496.00000000 19.55118525
570.00000000 17.12685427
657.00000000 15.09514379
754.00000000 13.27270778
870.00000000 11.38600221
997.00000000 9.87642460
1150.00000000 8.51898877
1300.00000000 7.39102344
1520.00000000 6.12862034
1750.00000000 5.18566377
2700.00000000 2.88707920
7000.00000000 0.45204932
13000.00000000 0.06247836
16000.00000000 0.03935181
20000.00000000 0.02456983
24000.00000000 0.01637271
26000.00000000 0.01351329
